0.01001
0.01002
0.01005

0.011

0.012
0.0123
0.0126
0.013
0.0133
0.0136
0.014
0.0143
0.0146
0.015
0.0153
0.0156
0.016
0.0163
0.01645
0.0166
0.017
0.0173
0.0176
0.018
0.0183
0.0186
0.019
0.0193
0.0196

0.02
0.02025
0.0205
0.02075
0.021
0.02125
0.0215
0.02175
0.022
0.02225
0.0225
0.02275
0.023
0.02325
0.0235
0.02375
0.024
0.02425
0.0245
0.02475
0.025
0.02525
0.0255
0.02575
0.026
0.02625
0.0265
0.02675
0.027
0.02725
0.0275
0.02775
0.028
0.02825
0.0285
0.02875
0.029
0.02925
0.0295
0.02975

0.03
0.0302
0.0304
0.0306
0.0308
0.031
0.0312
0.0314
0.0316
0.0318
0.032
0.0322
0.0324
0.0326
0.0328
0.033
0.0332
0.0334
0.0336
0.0338
0.034
0.0342
0.0344
0.0346
0.0348
0.035
0.0352
0.0354
0.0356
0.0358
0.036
0.0362
0.0364
0.0366
0.0368
0.037
0.0372
0.0374
0.0376
0.0378
0.038
0.0382
0.0384
0.0386
0.0388
0.039
0.0392
0.0394
0.0396
0.0398
0.04

0.0402
0.0404
0.0406
0.0408
0.041
0.0412
0.0414
0.0416
0.0418
0.042
0.0422
0.0424
0.0426
0.0428
0.043
0.0432
0.0434
0.0436
0.0438
0.044
0.0442
0.0444
0.0446
0.0448
0.045
0.0451
0.0452
0.0453
0.0454
0.0456
0.0458
0.04585
0.0459
0.045905
0.04591
0.045915
0.04592
0.045925
0.04595
0.0459525
0.045955
0.0459575
0.04596
0.045965
0.04597
0.045975
0.04598
0.045985
0.04599
0.045995
0.045997
0.046
0.046025
0.04605
0.0461
0.0462
0.0464
0.0466
0.0468
0.047
0.0472
0.0474
0.0476
0.0478
0.048
0.0482
0.0484
0.0486
0.0488
0.049
0.0492
0.0494
0.0496
0.0498
0.05

0.0502
0.0504
0.0506
0.0508
0.051
0.0512
0.0514
0.0516
0.0518
0.052
0.0522
0.0524
0.0526
0.0528
0.053
0.0532
0.0534
0.0536
0.0538
0.054
0.0542
0.0544
0.0546
0.0548
0.055
0.0552
0.0554
0.0556
0.0558
0.056
0.0562
0.0564
0.0566
0.0568
0.057
0.0572
0.0574
0.0576
0.0578
0.058
0.0582
0.0584
0.0586
0.0588
0.059
0.0592
0.0594
0.0596
0.0598
0.06

0.061
0.062
0.063
0.064
0.065
0.066
0.067
0.068
0.069
0.070

0.071
0.072
0.073
0.074
0.075
0.076
0.077
0.078
0.079
0.080

0.081
0.085
0.090

0.091
0.095
0.10

0.1
0.15
0.20

0.2
0.25
0.30

0.3
0.35
0.40

0.4
0.45
0.50

